54
208
389
179
182
229
177
175
68
45
108
211
311
2
135
95
172
237
105
196
201
9
12
231
358
219
5
218
71
1
38
39
10
134
98
22
43
203
338
7
189
322
66
310
202
115
168
173
273
16
26
185
294
52
59
50
252
259
274
204
183
167
19
181
23
226
130
99
170
336
210
17
24
386
225
303
31
40
337
11
44
70
197
198
190
32
27
242
275
192
289
110
387
236
332
41
207
34
258
133
161
180
333
169
73
217
228
36
239
206
20
101
109
171
6
8
159
61
62
42
112
205
3
220
188
107
4
13
15
48
227
75
339
18
191
390
100
111
97
106
199
92
14
113
